{
 "cells": [
  {
   "cell_type": "code",
   "execution_count": 1,
   "metadata": {},
   "outputs": [],
   "source": [
    "import numpy as np\n",
    "import pandas as pd"
   ]
  },
  {
   "cell_type": "code",
   "execution_count": 5,
   "metadata": {},
   "outputs": [
    {
     "name": "stdout",
     "output_type": "stream",
     "text": [
      "        theta      d      a  alpha\n",
      "Link                              \n",
      "Link 1      0  0.000  0.275      0\n",
      "Link 2     90  0.301  0.000     90\n",
      "Link 3      0  0.000  0.700      0\n",
      "Link 4      0  0.000  0.190     90\n",
      "Link 5    -90  0.500  0.000    -90\n",
      "Link 6      0  0.170  0.000     90\n"
     ]
    }
   ],
   "source": [
    "# Create a dictionary of DH parameters\n",
    "dh_parameters = {\n",
    "    'Link': ['Link 1', 'Link 2', 'Link 3', 'Link 4', 'Link 5', 'Link 6'],\n",
    "    'theta': [0, 90, 0, 0, -90, 0],\n",
    "    'd': [0, 0.301, 0, 0, 0.50, 0.170],\n",
    "    'a': [0.275, 0, 0.700, .190, 0, 0],\n",
    "    'alpha': [0, 90, 0, 90, -90, 90]\n",
    "}\n",
    "\n",
    "# Create the DataFrame\n",
    "df = pd.DataFrame(dh_parameters)\n",
    "\n",
    "# Set the 'Link' column as the index\n",
    "df.set_index('Link', inplace=True)\n",
    "\n",
    "# Display the DataFrame\n",
    "print(df)\n"
   ]
  },
  {
   "cell_type": "code",
   "execution_count": 8,
   "metadata": {},
   "outputs": [
    {
     "name": "stdout",
     "output_type": "stream",
     "text": [
      "Link 1:\n",
      "a = 0.275\n",
      "alpha = 0\n",
      "d = 0\n",
      "theta = 0.1\n",
      "DH matrix:\n",
      "[[ 0.99500417 -0.09983342  0.          0.27362615]\n",
      " [ 0.09983342  0.99500417 -0.          0.02745419]\n",
      " [ 0.          0.          1.          0.        ]\n",
      " [ 0.          0.          0.          1.        ]]\n",
      "\n",
      "Link 2:\n",
      "a = 0\n",
      "alpha = 1.5707963267948966\n",
      "d = 0.301\n",
      "theta = 1.7707963267948965\n",
      "DH matrix:\n",
      "[[-1.98669331e-01 -6.00117699e-17  9.80066578e-01 -0.00000000e+00]\n",
      " [ 9.80066578e-01 -1.21649880e-17  1.98669331e-01  0.00000000e+00]\n",
      " [ 0.00000000e+00  1.00000000e+00  6.12323400e-17  3.01000000e-01]\n",
      " [ 0.00000000e+00  0.00000000e+00  0.00000000e+00  1.00000000e+00]]\n",
      "\n",
      "Link 3:\n",
      "a = 0.7\n",
      "alpha = 0\n",
      "d = 0\n",
      "theta = 0.3\n",
      "DH matrix:\n",
      "[[ 0.95533649 -0.29552021  0.          0.66873554]\n",
      " [ 0.29552021  0.95533649 -0.          0.20686414]\n",
      " [ 0.          0.          1.          0.        ]\n",
      " [ 0.          0.          0.          1.        ]]\n",
      "\n",
      "Link 4:\n",
      "a = 0.19\n",
      "alpha = 1.5707963267948966\n",
      "d = 0\n",
      "theta = 0.4\n",
      "DH matrix:\n",
      "[[ 9.21060994e-01 -2.38449963e-17  3.89418342e-01  1.75001589e-01]\n",
      " [ 3.89418342e-01  5.63987199e-17 -9.21060994e-01  7.39894850e-02]\n",
      " [ 0.00000000e+00  1.00000000e+00  6.12323400e-17  0.00000000e+00]\n",
      " [ 0.00000000e+00  0.00000000e+00  0.00000000e+00  1.00000000e+00]]\n",
      "\n",
      "Link 5:\n",
      "a = 0\n",
      "alpha = -1.5707963267948966\n",
      "d = 0.5\n",
      "theta = -1.0707963267948966\n",
      "DH matrix:\n",
      "[[ 4.79425539e-01  5.37364338e-17  8.77582562e-01  0.00000000e+00]\n",
      " [-8.77582562e-01  2.93563476e-17  4.79425539e-01 -0.00000000e+00]\n",
      " [ 0.00000000e+00 -1.00000000e+00  6.12323400e-17  5.00000000e-01]\n",
      " [ 0.00000000e+00  0.00000000e+00  0.00000000e+00  1.00000000e+00]]\n",
      "\n",
      "Link 6:\n",
      "a = 0\n",
      "alpha = 0\n",
      "d = 0.17\n",
      "theta = 0.6\n",
      "DH matrix:\n",
      "[[ 0.82533561 -0.56464247  0.          0.        ]\n",
      " [ 0.56464247  0.82533561 -0.          0.        ]\n",
      " [ 0.          0.          1.          0.17      ]\n",
      " [ 0.          0.          0.          1.        ]]\n",
      "\n"
     ]
    }
   ],
   "source": [
    "def calculate_dh_parameters(link_lengths, link_offsets, joint_angles, link_twists):\n",
    "    num_links = len(link_lengths)\n",
    "    dh_parameters = []\n",
    "\n",
    "    for i in range(num_links):\n",
    "        a = link_lengths[i]\n",
    "        d = link_offsets[i]\n",
    "        theta = joint_angles[i]\n",
    "        alpha = link_twists[i]\n",
    "\n",
    "        dh_matrix = np.array([\n",
    "            [np.cos(theta), -np.sin(theta) * np.cos(alpha), np.sin(theta) * np.sin(alpha), a * np.cos(theta)],\n",
    "            [np.sin(theta), np.cos(theta) * np.cos(alpha), -np.cos(theta) * np.sin(alpha), a * np.sin(theta)],\n",
    "            [0, np.sin(alpha), np.cos(alpha), d],\n",
    "            [0, 0, 0, 1]\n",
    "        ])\n",
    "\n",
    "        dh_parameters.append({\n",
    "            'a': a,\n",
    "            'alpha': alpha,\n",
    "            'd': d,\n",
    "            'theta': theta,\n",
    "            'dh_matrix': dh_matrix\n",
    "        })\n",
    "\n",
    "    return dh_parameters\n",
    "\n",
    "# Example usage\n",
    "link_lengths = [0.275, 0, 0.7, 0.19, 0, 0]\n",
    "link_offsets = [0, 0.301, 0, 0, 0.5, 0.17]\n",
    "joint_angles = [0.1, 0.2 + np.pi/2 , 0.3, 0.4, 0.5 - np.pi/2, 0.6]\n",
    "link_twists = [0, np.pi/2, 0, np.pi/2, -np.pi/2, 0]\n",
    "\n",
    "dh_parameters = calculate_dh_parameters(link_lengths, link_offsets, joint_angles, link_twists)\n",
    "\n",
    "# Print the DH parameters\n",
    "for i, params in enumerate(dh_parameters):\n",
    "    print(f\"Link {i+1}:\")\n",
    "    print(\"a =\", params['a'])\n",
    "    print(\"alpha =\", params['alpha'])\n",
    "    print(\"d =\", params['d'])\n",
    "    print(\"theta =\", params['theta'])\n",
    "    print(\"DH matrix:\")\n",
    "    print(params['dh_matrix'])\n",
    "    print()\n"
   ]
  },
  {
   "cell_type": "code",
   "execution_count": 17,
   "metadata": {},
   "outputs": [
    {
     "name": "stdout",
     "output_type": "stream",
     "text": [
      "       a     alpha      d     theta\n",
      "0  0.275  0.000000  0.000  0.100000\n",
      "1  0.000  1.570796  0.301  1.770796\n",
      "2  0.700  0.000000  0.000  0.300000\n",
      "3  0.190  1.570796  0.000  0.400000\n",
      "4  0.000 -1.570796  0.500 -1.070796\n",
      "5  0.000  1.570796  0.170  0.600000\n",
      "Homogeneous matrix for Link 1:\n",
      "[[ 0.99500417 -0.09983342  0.          0.27362615]\n",
      " [ 0.09983342  0.99500417 -0.          0.02745419]\n",
      " [ 0.          0.          1.          0.        ]\n",
      " [ 0.          0.          0.          1.        ]]\n",
      "\n",
      "Homogeneous matrix for Link 2:\n",
      "[[-1.98669331e-01 -6.00117699e-17  9.80066578e-01 -0.00000000e+00]\n",
      " [ 9.80066578e-01 -1.21649880e-17  1.98669331e-01  0.00000000e+00]\n",
      " [ 0.00000000e+00  1.00000000e+00  6.12323400e-17  3.01000000e-01]\n",
      " [ 0.00000000e+00  0.00000000e+00  0.00000000e+00  1.00000000e+00]]\n",
      "\n",
      "Homogeneous matrix for Link 3:\n",
      "[[ 0.95533649 -0.29552021  0.          0.66873554]\n",
      " [ 0.29552021  0.95533649 -0.          0.20686414]\n",
      " [ 0.          0.          1.          0.        ]\n",
      " [ 0.          0.          0.          1.        ]]\n",
      "\n",
      "Homogeneous matrix for Link 4:\n",
      "[[ 9.21060994e-01 -2.38449963e-17  3.89418342e-01  1.75001589e-01]\n",
      " [ 3.89418342e-01  5.63987199e-17 -9.21060994e-01  7.39894850e-02]\n",
      " [ 0.00000000e+00  1.00000000e+00  6.12323400e-17  0.00000000e+00]\n",
      " [ 0.00000000e+00  0.00000000e+00  0.00000000e+00  1.00000000e+00]]\n",
      "\n",
      "Homogeneous matrix for Link 5:\n",
      "[[ 4.79425539e-01  5.37364338e-17  8.77582562e-01  0.00000000e+00]\n",
      " [-8.77582562e-01  2.93563476e-17  4.79425539e-01 -0.00000000e+00]\n",
      " [ 0.00000000e+00 -1.00000000e+00  6.12323400e-17  5.00000000e-01]\n",
      " [ 0.00000000e+00  0.00000000e+00  0.00000000e+00  1.00000000e+00]]\n",
      "\n",
      "Homogeneous matrix for Link 6:\n",
      "[[ 8.25335615e-01 -3.45743799e-17  5.64642473e-01  0.00000000e+00]\n",
      " [ 5.64642473e-01  5.05372310e-17 -8.25335615e-01  0.00000000e+00]\n",
      " [ 0.00000000e+00  1.00000000e+00  6.12323400e-17  1.70000000e-01]\n",
      " [ 0.00000000e+00  0.00000000e+00  0.00000000e+00  1.00000000e+00]]\n",
      "\n",
      "Overall Homogeneous Matrix for the Robot:\n",
      "[[-0.67388976  0.25965595 -0.6917018  -0.01799188]\n",
      " [-0.27243032  0.78291341  0.55931057  1.24596878]\n",
      " [ 0.68677093  0.56535421 -0.45685918  0.34395463]\n",
      " [ 0.          0.          0.          1.        ]]\n"
     ]
    }
   ],
   "source": [
    "\n",
    "def calculate_homogeneous_matrix(a, alpha, d, theta):\n",
    "    cos_theta = np.cos(theta)\n",
    "    sin_theta = np.sin(theta)\n",
    "    cos_alpha = np.cos(alpha)\n",
    "    sin_alpha = np.sin(alpha)\n",
    "\n",
    "    # Construct the homogeneous transformation matrix\n",
    "    homogeneous_matrix = np.array([\n",
    "        [cos_theta, -sin_theta * cos_alpha, sin_theta * sin_alpha, a * cos_theta],\n",
    "        [sin_theta, cos_theta * cos_alpha, -cos_theta * sin_alpha, a * sin_theta],\n",
    "        [0, sin_alpha, cos_alpha, d],\n",
    "        [0, 0, 0, 1]\n",
    "    ])\n",
    "\n",
    "    return homogeneous_matrix\n",
    "\n",
    "def calculate_homogeneous_matrices(dh_parameters):\n",
    "    num_links = len(dh_parameters)\n",
    "    homogeneous_matrices = []\n",
    "\n",
    "    # Calculate the homogeneous transformation matrix for each link\n",
    "    for i in range(num_links):\n",
    "        a = dh_parameters[i]['a']\n",
    "        alpha = dh_parameters[i]['alpha']\n",
    "        d = dh_parameters[i]['d']\n",
    "        theta = dh_parameters[i]['theta']\n",
    "\n",
    "        homogeneous_matrix = calculate_homogeneous_matrix(a, alpha, d, theta)\n",
    "        homogeneous_matrices.append(homogeneous_matrix)\n",
    "\n",
    "    return homogeneous_matrices\n",
    "\n",
    "\n",
    "def calculate_robot_homogeneous_matrix(homogeneous_matrices):\n",
    "    # Multiply the individual homogeneous matrices to get the overall homogeneous matrix\n",
    "    robot_homogeneous_matrix = np.eye(4)\n",
    "\n",
    "    for matrix in homogeneous_matrices:\n",
    "        robot_homogeneous_matrix = np.dot(robot_homogeneous_matrix, matrix)\n",
    "\n",
    "    return robot_homogeneous_matrix\n",
    "\n",
    "\n",
    "\n",
    "# DH parameters for Motoman HC10DPT Robot\n",
    "dh_parameters = [\n",
    "    {'a': 0.275, 'alpha': 0, 'd': 0, 'theta': 0.1},\n",
    "    {'a': 0, 'alpha': np.pi/2, 'd': 0.301, 'theta': 0.2 + np.pi/2 },\n",
    "    {'a': 0.7, 'alpha': 0, 'd': 0, 'theta': 0.3},\n",
    "    {'a': 0.19, 'alpha': np.pi/2, 'd': 0, 'theta': 0.4},\n",
    "    {'a': 0.0, 'alpha': -np.pi/2, 'd': 0.5, 'theta': 0.5 - np.pi/2},\n",
    "    {'a': 0, 'alpha': np.pi/2, 'd': 0.17, 'theta': 0.6}\n",
    "]\n",
    "\n",
    "\n",
    "homogeneous_matrices = calculate_homogeneous_matrices(dh_parameters)\n",
    "robot_homogeneous_matrix = calculate_robot_homogeneous_matrix(homogeneous_matrices)\n",
    "\n",
    "\n",
    "# Print the DH parameters for the robot\n",
    "robot = pd.DataFrame(dh_parameters)\n",
    "print(robot, end='\\n')\n",
    "\n",
    "\n",
    "# Print the homogeneous matrices for each link\n",
    "for i, matrix in enumerate(homogeneous_matrices):\n",
    "    print(f\"Homogeneous matrix for Link {i+1}:\")\n",
    "    print(matrix)\n",
    "    print()\n",
    "\n",
    "\n",
    "# Print the overall homogeneous matrix for the robot\n",
    "print(\"Overall Homogeneous Matrix for the Robot:\")\n",
    "print(robot_homogeneous_matrix)"
   ]
  },
  {
   "cell_type": "code",
   "execution_count": null,
   "metadata": {},
   "outputs": [],
   "source": []
  }
 ],
 "metadata": {
  "kernelspec": {
   "display_name": "base",
   "language": "python",
   "name": "python3"
  },
  "language_info": {
   "codemirror_mode": {
    "name": "ipython",
    "version": 3
   },
   "file_extension": ".py",
   "mimetype": "text/x-python",
   "name": "python",
   "nbconvert_exporter": "python",
   "pygments_lexer": "ipython3",
   "version": "3.9.12"
  },
  "orig_nbformat": 4
 },
 "nbformat": 4,
 "nbformat_minor": 2
}
